-7 -8 -9 -16
-10 -17 -15 -6 6 10 15 17
7 14 21 28 35 42 49 -7 -14 -21 -28 -35 -42 -49 9 18 27 36 45 54 63 -9 -18 -27 -36 -45 -54 -63

1 2 3 4 5 6 7 -1 -2 -3 -4 -5 -6 -7 8 16 24 32 40 48 56 -8 -16 -24 -32 -40 -48 -56

7 14 21 28 35 42 49 -7 -14 -21 -28 -35 -42 -49 9 18 27 36 45 54 63 -9 -18 -27 -36 -45 -54 -63
1 2 3 4 5 6 7 -1 -2 -3 -4 -5 -6 -7 8 16 24 32 40 48 56 -8 -16 -24 -32 -40 -48 -56
-9 -8 -7 -1 1 7 8 9

7 8 9 16
-10 -17 -15 -6 6 10 15 17
7 14 21 28 35 42 49 -7 -14 -21 -28 -35 -42 -49 9 18 27 36 45 54 63 -9 -18 -27 -36 -45 -54 -63
1 2 3 4 5 6 7 -1 -2 -3 -4 -5 -6 -7 8 16 24 32 40 48 56 -8 -16 -24 -32 -40 -48 -56
7 14 21 28 35 42 49 -7 -14 -21 -28 -35 -42 -49 9 18 27 36 45 54 63 -9 -18 -27 -36 -45 -54 -63
1 2 3 4 5 6 7 -1 -2 -3 -4 -5 -6 -7 8 16 24 32 40 48 56 -8 -16 -24 -32 -40 -48 -56
-9 -8 -7 -1 1 7 8 9